# translation | scaling | rotation

[ 1100 0 -610 ] [ 0.2 0.2 0.2 ] [ 0 0 0 ]
[ 1140 0 -630 ] [ 0.17 0.17 0.17 ] [ 0 40 0 ]
[ 1160 0 -620 ] [ 0.19 0.19 0.19 ] [ 0 120 0 ]
[ 1090 0 -570 ] [ 0.2 0.2 0.2 ] [ 0 220 0 ]
[ 1170 0 -580 ] [ 0.18 0.18 0.18 ] [ 0 280 0 ]
[ 1148 0 -585 ] [ 0.21 0.21 0.21 ] [ 0 200 0 ]
[ 1154 0 -593 ] [ 0.22 0.22 0.22 ] [ 0 20 0 ]
[ 1131 0 -570 ] [ 0.15 0.15 0.15 ] [ 0 140 0 ]
[ 1087 0 -558 ] [ 0.17 0.17 0.17 ] [ 0 320 0 ]
[ 1159 0 -580 ] [ 0.19 0.19 0.19 ] [ 0 310 0 ]
[ 1150 0 -627 ] [ 0.20 0.20 0.20 ] [ 0 0 0 ]
[ 1104 0 -570 ] [ 0.18 0.18 0.18 ] [ 0 220 0 ]
[ 1143 0 -613 ] [ 0.19 0.19 0.19 ] [ 0 40 0 ]